1563860543939640
1662018587386465
803012503137417
10156218826045542
950044518417084
687717084704422
451407958392194
10153181724836957
415146712013095
1689181277996825
536290439862670
1173629002654813
1662016694053321
872380102882319
950513225023541
971274612919636
939745129452345
996874803707594
1697245837189347
1650351115216088
560770810739797
424794007722578
1633077790290877
1006493712751814
1545103032482058
1687256401512147
460613867455877
1715234668763409
996154410407145
1709974805905636
1697866560449095
1129498347078498
1033104123369192
394463434072161
912828582086817
839089659544790
731294693641350
1087786627922484
1584844368442742
1392124637753784
898395303578977
886981941382090
515007072010093
512749215555724
876237455762881
378689048992007
1605197543083039
1399253010397919
682392331864920
946537275378321
10153135170119915
10152748652441883
958415744189189
10153028226269938
1483302155239055
784109948269139
10151843869044009
244465325691103
104846759709362
105852272897514
257151823
121170211299898
43799770
48192642
39720036